**Input Text:**

**A**  
Antioxidants, 2, 20, 46, 100, 129, 156, 190, 230, 245, 276, 312, 349  

**D**  
Dietary supplements, 1–3, 5–9, 12, 14–16, 67, 109, 156, 158, 172, 177, 256, 288, 306, 314, 331, 334  

**M**  
Micronutrients, 21–24, 29, 33, 90, 102–111, 156, 166–167, 178, 207–213, 246, 279, 280, 284, 287–290, 292, 305, 308, 310, 311, 321, 322, 324, 333, 348, 360, 363  
Minerals, 1–3, 5, 6, 8, 9, 14, 16, 19, 21, 23, 28, 33, 45, 47, 55, 58, 62, 68, 102, 156, 157, 161, 162, 166, 167, 170, 172–174, 177, 178, 192, 196, 199, 202, 208, 211–213, 228, 229, 237, 245, 253, 254, 288, 305, 306, 309, 310, 314–316, 318, 319, 321, 332–333, 337, 353, 356–360  

**N**  
Nutraceuticals, 1, 20, 45–47, 90, 128, 154, 189, 223, 243, 271, 307, 345  
Nutrients, 2, 19, 68, 90, 132, 155, 190, 224, 244, 279, 305, 345  
Nutrition, 2, 20, 45, 90, 131, 154, 190, 224, 243, 279, 305, 345  

**S**  
Side effects, 12–14, 25, 57, 104, 106, 132, 142, 144, 154, 155, 158–159, 161, 162, 168, 174, 248–250, 258, 351  

**V**  
Vitamins, 1, 19, 45, 90, 136, 154, 192, 227, 246, 280, 305, 348